|w1       | w2     | bias   | X1     | X2     | alpha     | y     | label     |eta*(label-y)| dw1  |dw2     | dtheta  | 
| -------- | -------- | -------- | -------- | -------- | -------- | -------- | -------- | -------- | -------- | -------- | -------- |
|0.00000 | 0.40000 | 0.30000 |     1 |     1 | 0.00000 | 0.66819 |     1 |  4.97718 |     1 |     1 | 1.00000 |
|4.97718 | 5.37718 | 5.27718 |     1 |     0 | 0.00000 | 0.99998 |     0 |  -14.99974 |     1 |     0 | 1.00000 |
|-10.02256 | 5.37718 | -9.72256 |     0 |     1 | 0.00000 | 0.99865 |     0 |  -14.97980 |     0 |     1 | 1.00000 |
|-10.02256 | -9.60262 | -24.70236 |     0 |     0 | 0.00000 | 0.00000 |     0 |  -0.00000 |     0 |     0 | 1.00000 |
|-10.02256 | -9.60262 | -24.70236 |     1 |     1 | 0.00000 | 0.00000 |     1 |  15.00000 |     1 |     1 | 1.00000 |
|4.97744 | 5.39738 | -9.70236 |     1 |     0 | 0.00000 | 0.00000 |     0 |  -0.00000 |     1 |     0 | 1.00000 |
|4.97744 | 5.39738 | -9.70236 |     0 |     1 | 0.00000 | 0.00000 |     0 |  -0.00000 |     0 |     1 | 1.00000 |
|4.97744 | 5.39738 | -9.70236 |     0 |     0 | 0.00000 | 0.00000 |     0 |  -0.00000 |     0 |     0 | 1.00000 |
|4.97744 | 5.39738 | -9.70236 |     1 |     1 | 0.00000 | 0.66205 |     1 |  5.06919 |     1 |     1 | 1.00000 |
|10.04663 | 10.46656 | -4.63317 |     1 |     0 | 0.00000 | 0.99773 |     0 |  -14.96596 |     1 |     0 | 1.00000 |
|-4.91933 | 10.46656 | -19.59913 |     0 |     1 | 0.00000 | 0.04536 |     0 |  -0.68043 |     0 |     1 | 1.00000 |
|-4.91933 | 9.78613 | -20.27957 |     0 |     0 | 0.00000 | 0.00000 |     0 |  -0.00000 |     0 |     0 | 1.00000 |
|-4.91933 | 9.78613 | -20.27957 |     1 |     1 | 0.00000 | 0.00000 |     1 |  15.00000 |     1 |     1 | 1.00000 |
|10.08067 | 24.78613 | -5.27957 |     1 |     0 | 0.00000 | 0.00002 |     0 |  -0.00037 |     1 |     0 | 1.00000 |
|10.08030 | 24.78613 | -5.27994 |     0 |     1 | 0.00000 | 0.99986 |     0 |  -14.99794 |     0 |     1 | 1.00000 |
|10.08030 | 9.78818 | -20.27788 |     0 |     0 | 0.00000 | 0.00001 |     0 |  -0.00017 |     0 |     0 | 1.00000 |
|10.08030 | 9.78818 | -20.27805 |     1 |     1 | 0.00000 | 0.39902 |     1 |  9.01477 |     1 |     1 | 1.00000 |
|19.09507 | 18.80295 | -11.26329 |     1 |     0 | 0.00000 | 0.99940 |     0 |  -14.99104 |     1 |     0 | 1.00000 |
|4.10403 | 18.80295 | -26.25432 |     0 |     1 | 0.00000 | 0.49271 |     0 |  -7.39065 |     0 |     1 | 1.00000 |
|4.10403 | 11.41230 | -33.64498 |     0 |     0 | 0.00000 | 0.00000 |     0 |  -0.00000 |     0 |     0 | 1.00000 |
|4.10403 | 11.41230 | -33.64498 |     1 |     1 | 0.00000 | 0.00000 |     1 |  15.00000 |     1 |     1 | 1.00000 |
|19.10403 | 26.41230 | -18.64498 |     1 |     0 | 0.00000 | 0.00000 |     0 |  -0.00000 |     1 |     0 | 1.00000 |
|19.10403 | 26.41230 | -18.64498 |     0 |     1 | 0.00000 | 0.00005 |     0 |  -0.00075 |     0 |     1 | 1.00000 |
|19.10403 | 26.41155 | -18.64573 |     0 |     0 | 0.00000 | 0.00000 |     0 |  -0.00000 |     0 |     0 | 1.00000 |
|19.10403 | 26.41155 | -18.64573 |     1 |     1 | 0.00000 | 1.00000 |     1 |  0.00000 |     1 |     1 | 1.00000 |
|19.10403 | 26.41155 | -18.64573 |     1 |     0 | 0.00000 | 1.00000 |     0 |  -15.00000 |     1 |     0 | 1.00000 |
|4.10403 | 26.41155 | -33.64573 |     0 |     1 | 0.00000 | 1.00000 |     0 |  -15.00000 |     0 |     1 | 1.00000 |
|4.10403 | 11.41155 | -48.64573 |     0 |     0 | 0.00000 | 0.00000 |     0 |  -0.00000 |     0 |     0 | 1.00000 |
|4.10403 | 11.41155 | -48.64573 |     1 |     1 | 0.00000 | 0.00000 |     1 |  15.00000 |     1 |     1 | 1.00000 |
|19.10403 | 26.41155 | -33.64573 |     1 |     0 | 0.00000 | 0.00000 |     0 |  -0.00000 |     1 |     0 | 1.00000 |
|19.10403 | 26.41155 | -33.64573 |     0 |     1 | 0.00000 | 0.00000 |     0 |  -0.00000 |     0 |     1 | 1.00000 |
|19.10403 | 26.41155 | -33.64573 |     0 |     0 | 0.00000 | 0.00000 |     0 |  -0.00000 |     0 |     0 | 1.00000 |
|19.10403 | 26.41155 | -33.64573 |     1 |     1 | 0.00000 | 0.99999 |     1 |  0.00010 |     1 |     1 | 1.00000 |
|19.10414 | 26.41165 | -33.64563 |     1 |     0 | 0.00000 | 0.06467 |     0 |  -0.97002 |     1 |     0 | 1.00000 |
|18.13412 | 26.41165 | -34.61564 |     0 |     1 | 0.00000 | 0.00002 |     0 |  -0.00028 |     0 |     1 | 1.00000 |
|18.13412 | 26.41137 | -34.61592 |     0 |     0 | 0.00000 | 0.00000 |     0 |  -0.00000 |     0 |     0 | 1.00000 |
|18.13412 | 26.41137 | -34.61592 |     1 |     1 | 0.00000 | 0.99995 |     1 |  0.00073 |     1 |     1 | 1.00000 |
|18.13485 | 26.41210 | -34.61520 |     1 |     0 | 0.00000 | 0.00143 |     0 |  -0.02140 |     1 |     0 | 1.00000 |
|18.11345 | 26.41210 | -34.63660 |     0 |     1 | 0.00000 | 0.00000 |     0 |  -0.00001 |     0 |     1 | 1.00000 |
|18.11345 | 26.41209 | -34.63661 |     0 |     0 | 0.00000 | 0.00000 |     0 |  -0.00000 |     0 |     0 | 1.00000 |
|18.11345 | 26.41209 | -34.63661 |     1 |     1 | 0.00000 | 0.99995 |     1 |  0.00076 |     1 |     1 | 1.00000 |
|18.11421 | 26.41285 | -34.63585 |     1 |     0 | 0.00000 | 0.00131 |     0 |  -0.01972 |     1 |     0 | 1.00000 |
|18.09449 | 26.41285 | -34.65557 |     0 |     1 | 0.00000 | 0.00000 |     0 |  -0.00001 |     0 |     1 | 1.00000 |
|18.09449 | 26.41285 | -34.65557 |     0 |     0 | 0.00000 | 0.00000 |     0 |  -0.00000 |     0 |     0 | 1.00000 |
|18.09449 | 26.41285 | -34.65557 |     1 |     1 | 0.00000 | 0.99995 |     1 |  0.00079 |     1 |     1 | 1.00000 |
|18.09528 | 26.41364 | -34.65479 |     1 |     0 | 0.00000 | 0.00122 |     0 |  -0.01830 |     1 |     0 | 1.00000 |
|18.07698 | 26.41364 | -34.67308 |     0 |     1 | 0.00000 | 0.00000 |     0 |  -0.00000 |     0 |     1 | 1.00000 |
|18.07698 | 26.41363 | -34.67309 |     0 |     0 | 0.00000 | 0.00000 |     0 |  -0.00000 |     0 |     0 | 1.00000 |
|18.07698 | 26.41363 | -34.67309 |     1 |     1 | 0.00000 | 0.99995 |     1 |  0.00082 |     1 |     1 | 1.00000 |
|18.07779 | 26.41445 | -34.67227 |     1 |     0 | 0.00000 | 0.00114 |     0 |  -0.01708 |     1 |     0 | 1.00000 |
|18.06072 | 26.41445 | -34.68935 |     0 |     1 | 0.00000 | 0.00000 |     0 |  -0.00000 |     0 |     1 | 1.00000 |
|18.06072 | 26.41445 | -34.68935 |     0 |     0 | 0.00000 | 0.00000 |     0 |  -0.00000 |     0 |     0 | 1.00000 |
|18.06072 | 26.41445 | -34.68935 |     1 |     1 | 0.00000 | 0.99994 |     1 |  0.00084 |     1 |     1 | 1.00000 |
|18.06156 | 26.41529 | -34.68851 |     1 |     0 | 0.00000 | 0.00107 |     0 |  -0.01602 |     1 |     0 | 1.00000 |
|18.04555 | 26.41529 | -34.70453 |     0 |     1 | 0.00000 | 0.00000 |     0 |  -0.00000 |     0 |     1 | 1.00000 |
|18.04555 | 26.41529 | -34.70453 |     0 |     0 | 0.00000 | 0.00000 |     0 |  -0.00000 |     0 |     0 | 1.00000 |
|18.04555 | 26.41529 | -34.70453 |     1 |     1 | 0.00000 | 0.99994 |     1 |  0.00087 |     1 |     1 | 1.00000 |
|18.04642 | 26.41616 | -34.70366 |     1 |     0 | 0.00000 | 0.00101 |     0 |  -0.01509 |     1 |     0 | 1.00000 |
|18.03133 | 26.41616 | -34.71875 |     0 |     1 | 0.00000 | 0.00000 |     0 |  -0.00000 |     0 |     1 | 1.00000 |
|18.03133 | 26.41615 | -34.71875 |     0 |     0 | 0.00000 | 0.00000 |     0 |  -0.00000 |     0 |     0 | 1.00000 |
|18.03133 | 26.41615 | -34.71875 |     1 |     1 | 0.00000 | 0.99994 |     1 |  0.00089 |     1 |     1 | 1.00000 |
|18.03222 | 26.41705 | -34.71786 |     1 |     0 | 0.00000 | 0.00095 |     0 |  -0.01427 |     1 |     0 | 1.00000 |
|18.01795 | 26.41705 | -34.73213 |     0 |     1 | 0.00000 | 0.00000 |     0 |  -0.00000 |     0 |     1 | 1.00000 |
|18.01795 | 26.41704 | -34.73213 |     0 |     0 | 0.00000 | 0.00000 |     0 |  -0.00000 |     0 |     0 | 1.00000 |
|18.01795 | 26.41704 | -34.73213 |     1 |     1 | 0.00000 | 0.99994 |     1 |  0.00092 |     1 |     1 | 1.00000 |
|18.01887 | 26.41796 | -34.73122 |     1 |     0 | 0.00000 | 0.00090 |     0 |  -0.01354 |     1 |     0 | 1.00000 |
|18.00533 | 26.41796 | -34.74475 |     0 |     1 | 0.00000 | 0.00000 |     0 |  -0.00000 |     0 |     1 | 1.00000 |
|18.00533 | 26.41795 | -34.74476 |     0 |     0 | 0.00000 | 0.00000 |     0 |  -0.00000 |     0 |     0 | 1.00000 |
|18.00533 | 26.41795 | -34.74476 |     1 |     1 | 0.00000 | 0.99994 |     1 |  0.00094 |     1 |     1 | 1.00000 |
|18.00627 | 26.41889 | -34.74382 |     1 |     0 | 0.00000 | 0.00086 |     0 |  -0.01288 |     1 |     0 | 1.00000 |
|17.99339 | 26.41889 | -34.75670 |     0 |     1 | 0.00000 | 0.00000 |     0 |  -0.00000 |     0 |     1 | 1.00000 |
|17.99339 | 26.41889 | -34.75671 |     0 |     0 | 0.00000 | 0.00000 |     0 |  -0.00000 |     0 |     0 | 1.00000 |
|17.99339 | 26.41889 | -34.75671 |     1 |     1 | 0.00000 | 0.99994 |     1 |  0.00096 |     1 |     1 | 1.00000 |
|17.99435 | 26.41985 | -34.75574 |     1 |     0 | 0.00000 | 0.00082 |     0 |  -0.01229 |     1 |     0 | 1.00000 |
|17.98205 | 26.41985 | -34.76804 |     0 |     1 | 0.00000 | 0.00000 |     0 |  -0.00000 |     0 |     1 | 1.00000 |
|17.98205 | 26.41985 | -34.76804 |     0 |     0 | 0.00000 | 0.00000 |     0 |  -0.00000 |     0 |     0 | 1.00000 |
|17.98205 | 26.41985 | -34.76804 |     1 |     1 | 0.00000 | 0.99993 |     1 |  0.00098 |     1 |     1 | 1.00000 |
|17.98304 | 26.42083 | -34.76706 |     1 |     0 | 0.00000 | 0.00078 |     0 |  -0.01176 |     1 |     0 | 1.00000 |
|17.97127 | 26.42083 | -34.77882 |     0 |     1 | 0.00000 | 0.00000 |     0 |  -0.00000 |     0 |     1 | 1.00000 |
|17.97127 | 26.42083 | -34.77883 |     0 |     0 | 0.00000 | 0.00000 |     0 |  -0.00000 |     0 |     0 | 1.00000 |
|17.97127 | 26.42083 | -34.77883 |     1 |     1 | 0.00000 | 0.99993 |     1 |  0.00100 |     1 |     1 | 1.00000 |
|17.97227 | 26.42183 | -34.77782 |     1 |     0 | 0.00000 | 0.00075 |     0 |  -0.01128 |     1 |     0 | 1.00000 |
|17.96100 | 26.42183 | -34.78910 |     0 |     1 | 0.00000 | 0.00000 |     0 |  -0.00000 |     0 |     1 | 1.00000 |
|17.96100 | 26.42183 | -34.78910 |     0 |     0 | 0.00000 | 0.00000 |     0 |  -0.00000 |     0 |     0 | 1.00000 |
|17.96100 | 26.42183 | -34.78910 |     1 |     1 | 0.00000 | 0.99993 |     1 |  0.00102 |     1 |     1 | 1.00000 |
|17.96202 | 26.42285 | -34.78808 |     1 |     0 | 0.00000 | 0.00072 |     0 |  -0.01083 |     1 |     0 | 1.00000 |
|17.95119 | 26.42285 | -34.79892 |     0 |     1 | 0.00000 | 0.00000 |     0 |  -0.00000 |     0 |     1 | 1.00000 |
|17.95119 | 26.42285 | -34.79892 |     0 |     0 | 0.00000 | 0.00000 |     0 |  -0.00000 |     0 |     0 | 1.00000 |
|17.95119 | 26.42285 | -34.79892 |     1 |     1 | 0.00000 | 0.99993 |     1 |  0.00104 |     1 |     1 | 1.00000 |
|17.95223 | 26.42389 | -34.79788 |     1 |     0 | 0.00000 | 0.00070 |     0 |  -0.01043 |     1 |     0 | 1.00000 |
|17.94180 | 26.42389 | -34.80831 |     0 |     1 | 0.00000 | 0.00000 |     0 |  -0.00000 |     0 |     1 | 1.00000 |
|17.94180 | 26.42389 | -34.80831 |     0 |     0 | 0.00000 | 0.00000 |     0 |  -0.00000 |     0 |     0 | 1.00000 |
|17.94180 | 26.42389 | -34.80831 |     1 |     1 | 0.00000 | 0.99993 |     1 |  0.00106 |     1 |     1 | 1.00000 |
|17.94286 | 26.42495 | -34.80725 |     1 |     0 | 0.00000 | 0.00067 |     0 |  -0.01006 |     1 |     0 | 1.00000 |
|17.93280 | 26.42495 | -34.81731 |     0 |     1 | 0.00000 | 0.00000 |     0 |  -0.00000 |     0 |     1 | 1.00000 |
|17.93280 | 26.42494 | -34.81731 |     0 |     0 | 0.00000 | 0.00000 |     0 |  -0.00000 |     0 |     0 | 1.00000 |
|17.93280 | 26.42494 | -34.81731 |     1 |     1 | 0.00000 | 0.99993 |     1 |  0.00108 |     1 |     1 | 1.00000 |
|17.93388 | 26.42602 | -34.81623 |     1 |     0 | 0.00000 | 0.00065 |     0 |  -0.00971 |     1 |     0 | 1.00000 |
|17.92417 | 26.42602 | -34.82594 |     0 |     1 | 0.00000 | 0.00000 |     0 |  -0.00000 |     0 |     1 | 1.00000 |
|17.92417 | 26.42602 | -34.82595 |     0 |     0 | 0.00000 | 0.00000 |     0 |  -0.00000 |     0 |     0 | 1.00000 |
|17.92417 | 26.42602 | -34.82595 |     1 |     1 | 0.00000 | 0.99993 |     1 |  0.00110 |     1 |     1 | 1.00000 |
|17.92527 | 26.42712 | -34.82485 |     1 |     0 | 0.00000 | 0.00063 |     0 |  -0.00939 |     1 |     0 | 1.00000 |
|17.91588 | 26.42712 | -34.83424 |     0 |     1 | 0.00000 | 0.00000 |     0 |  -0.00000 |     0 |     1 | 1.00000 |
|17.91588 | 26.42711 | -34.83425 |     0 |     0 | 0.00000 | 0.00000 |     0 |  -0.00000 |     0 |     0 | 1.00000 |
|17.91588 | 26.42711 | -34.83425 |     1 |     1 | 0.00000 | 0.99993 |     1 |  0.00111 |     1 |     1 | 1.00000 |
|17.91699 | 26.42823 | -34.83313 |     1 |     0 | 0.00000 | 0.00061 |     0 |  -0.00910 |     1 |     0 | 1.00000 |
|17.90789 | 26.42823 | -34.84223 |     0 |     1 | 0.00000 | 0.00000 |     0 |  -0.00000 |     0 |     1 | 1.00000 |
|17.90789 | 26.42823 | -34.84223 |     0 |     0 | 0.00000 | 0.00000 |     0 |  -0.00000 |     0 |     0 | 1.00000 |
|17.90789 | 26.42823 | -34.84223 |     1 |     1 | 0.00000 | 0.99992 |     1 |  0.00113 |     1 |     1 | 1.00000 |
|17.90902 | 26.42936 | -34.84110 |     1 |     0 | 0.00000 | 0.00059 |     0 |  -0.00882 |     1 |     0 | 1.00000 |
|17.90020 | 26.42936 | -34.84992 |     0 |     1 | 0.00000 | 0.00000 |     0 |  -0.00000 |     0 |     1 | 1.00000 |
|17.90020 | 26.42935 | -34.84993 |     0 |     0 | 0.00000 | 0.00000 |     0 |  -0.00000 |     0 |     0 | 1.00000 |
|17.90020 | 26.42935 | -34.84993 |     1 |     1 | 0.00000 | 0.99992 |     1 |  0.00115 |     1 |     1 | 1.00000 |
|17.90135 | 26.43050 | -34.84878 |     1 |     0 | 0.00000 | 0.00057 |     0 |  -0.00856 |     1 |     0 | 1.00000 |
|17.89279 | 26.43050 | -34.85735 |     0 |     1 | 0.00000 | 0.00000 |     0 |  -0.00000 |     0 |     1 | 1.00000 |
|17.89279 | 26.43050 | -34.85735 |     0 |     0 | 0.00000 | 0.00000 |     0 |  -0.00000 |     0 |     0 | 1.00000 |
|17.89279 | 26.43050 | -34.85735 |     1 |     1 | 0.00000 | 0.99992 |     1 |  0.00116 |     1 |     1 | 1.00000 |
|17.89395 | 26.43166 | -34.85619 |     1 |     0 | 0.00000 | 0.00055 |     0 |  -0.00832 |     1 |     0 | 1.00000 |
|17.88563 | 26.43166 | -34.86451 |     0 |     1 | 0.00000 | 0.00000 |     0 |  -0.00000 |     0 |     1 | 1.00000 |
|17.88563 | 26.43166 | -34.86451 |     0 |     0 | 0.00000 | 0.00000 |     0 |  -0.00000 |     0 |     0 | 1.00000 |
|17.88563 | 26.43166 | -34.86451 |     1 |     1 | 0.00000 | 0.99992 |     1 |  0.00118 |     1 |     1 | 1.00000 |
|17.88680 | 26.43283 | -34.86333 |     1 |     0 | 0.00000 | 0.00054 |     0 |  -0.00810 |     1 |     0 | 1.00000 |
|17.87871 | 26.43283 | -34.87143 |     0 |     1 | 0.00000 | 0.00000 |     0 |  -0.00000 |     0 |     1 | 1.00000 |
|17.87871 | 26.43283 | -34.87143 |     0 |     0 | 0.00000 | 0.00000 |     0 |  -0.00000 |     0 |     0 | 1.00000 |
|17.87871 | 26.43283 | -34.87143 |     1 |     1 | 0.00000 | 0.99992 |     1 |  0.00119 |     1 |     1 | 1.00000 |
|17.87990 | 26.43402 | -34.87024 |     1 |     0 | 0.00000 | 0.00053 |     0 |  -0.00789 |     1 |     0 | 1.00000 |
|17.87201 | 26.43402 | -34.87813 |     0 |     1 | 0.00000 | 0.00000 |     0 |  -0.00000 |     0 |     1 | 1.00000 |
|17.87201 | 26.43402 | -34.87813 |     0 |     0 | 0.00000 | 0.00000 |     0 |  -0.00000 |     0 |     0 | 1.00000 |
|17.87201 | 26.43402 | -34.87813 |     1 |     1 | 0.00000 | 0.99992 |     1 |  0.00121 |     1 |     1 | 1.00000 |
|17.87322 | 26.43523 | -34.87692 |     1 |     0 | 0.00000 | 0.00051 |     0 |  -0.00769 |     1 |     0 | 1.00000 |
|17.86554 | 26.43523 | -34.88461 |     0 |     1 | 0.00000 | 0.00000 |     0 |  -0.00000 |     0 |     1 | 1.00000 |
|17.86554 | 26.43523 | -34.88461 |     0 |     0 | 0.00000 | 0.00000 |     0 |  -0.00000 |     0 |     0 | 1.00000 |
|17.86554 | 26.43523 | -34.88461 |     1 |     1 | 0.00000 | 0.99992 |     1 |  0.00122 |     1 |     1 | 1.00000 |
|17.86676 | 26.43645 | -34.88339 |     1 |     0 | 0.00000 | 0.00050 |     0 |  -0.00750 |     1 |     0 | 1.00000 |
|17.85926 | 26.43645 | -34.89089 |     0 |     1 | 0.00000 | 0.00000 |     0 |  -0.00000 |     0 |     1 | 1.00000 |
|17.85926 | 26.43645 | -34.89089 |     0 |     0 | 0.00000 | 0.00000 |     0 |  -0.00000 |     0 |     0 | 1.00000 |
|17.85926 | 26.43645 | -34.89089 |     1 |     1 | 0.00000 | 0.99992 |     1 |  0.00123 |     1 |     1 | 1.00000 |
|17.86049 | 26.43768 | -34.88965 |     1 |     0 | 0.00000 | 0.00049 |     0 |  -0.00732 |     1 |     0 | 1.00000 |
|17.85317 | 26.43768 | -34.89698 |     0 |     1 | 0.00000 | 0.00000 |     0 |  -0.00000 |     0 |     1 | 1.00000 |
|17.85317 | 26.43768 | -34.89698 |     0 |     0 | 0.00000 | 0.00000 |     0 |  -0.00000 |     0 |     0 | 1.00000 |
|17.85317 | 26.43768 | -34.89698 |     1 |     1 | 0.00000 | 0.99992 |     1 |  0.00125 |     1 |     1 | 1.00000 |
|17.85442 | 26.43893 | -34.89573 |     1 |     0 | 0.00000 | 0.00048 |     0 |  -0.00716 |     1 |     0 | 1.00000 |
|17.84726 | 26.43893 | -34.90289 |     0 |     1 | 0.00000 | 0.00000 |     0 |  -0.00000 |     0 |     1 | 1.00000 |
|17.84726 | 26.43892 | -34.90289 |     0 |     0 | 0.00000 | 0.00000 |     0 |  -0.00000 |     0 |     0 | 1.00000 |
|17.84726 | 26.43892 | -34.90289 |     1 |     1 | 0.00000 | 0.99992 |     1 |  0.00126 |     1 |     1 | 1.00000 |
|17.84852 | 26.44019 | -34.90162 |     1 |     0 | 0.00000 | 0.00047 |     0 |  -0.00700 |     1 |     0 | 1.00000 |
|17.84152 | 26.44019 | -34.90862 |     0 |     1 | 0.00000 | 0.00000 |     0 |  -0.00000 |     0 |     1 | 1.00000 |
|17.84152 | 26.44018 | -34.90862 |     0 |     0 | 0.00000 | 0.00000 |     0 |  -0.00000 |     0 |     0 | 1.00000 |
|17.84152 | 26.44018 | -34.90862 |     1 |     1 | 0.00000 | 0.99992 |     1 |  0.00127 |     1 |     1 | 1.00000 |
|17.84280 | 26.44146 | -34.90734 |     1 |     0 | 0.00000 | 0.00046 |     0 |  -0.00685 |     1 |     0 | 1.00000 |
|17.83595 | 26.44146 | -34.91419 |     0 |     1 | 0.00000 | 0.00000 |     0 |  -0.00000 |     0 |     1 | 1.00000 |
|17.83595 | 26.44146 | -34.91419 |     0 |     0 | 0.00000 | 0.00000 |     0 |  -0.00000 |     0 |     0 | 1.00000 |
|17.83595 | 26.44146 | -34.91419 |     1 |     1 | 0.00000 | 0.99991 |     1 |  0.00129 |     1 |     1 | 1.00000 |
|17.83724 | 26.44274 | -34.91290 |     1 |     0 | 0.00000 | 0.00045 |     0 |  -0.00671 |     1 |     0 | 1.00000 |
|17.83053 | 26.44274 | -34.91961 |     0 |     1 | 0.00000 | 0.00000 |     0 |  -0.00000 |     0 |     1 | 1.00000 |
|17.83053 | 26.44274 | -34.91961 |     0 |     0 | 0.00000 | 0.00000 |     0 |  -0.00000 |     0 |     0 | 1.00000 |
|17.83053 | 26.44274 | -34.91961 |     1 |     1 | 0.00000 | 0.99991 |     1 |  0.00130 |     1 |     1 | 1.00000 |
|17.83183 | 26.44404 | -34.91831 |     1 |     0 | 0.00000 | 0.00044 |     0 |  -0.00657 |     1 |     0 | 1.00000 |
|17.82526 | 26.44404 | -34.92488 |     0 |     1 | 0.00000 | 0.00000 |     0 |  -0.00000 |     0 |     1 | 1.00000 |
|17.82526 | 26.44404 | -34.92488 |     0 |     0 | 0.00000 | 0.00000 |     0 |  -0.00000 |     0 |     0 | 1.00000 |
|17.82526 | 26.44404 | -34.92488 |     1 |     1 | 0.00000 | 0.99991 |     1 |  0.00131 |     1 |     1 | 1.00000 |
|17.82657 | 26.44535 | -34.92356 |     1 |     0 | 0.00000 | 0.00043 |     0 |  -0.00644 |     1 |     0 | 1.00000 |
|17.82013 | 26.44535 | -34.93001 |     0 |     1 | 0.00000 | 0.00000 |     0 |  -0.00000 |     0 |     1 | 1.00000 |
|17.82013 | 26.44535 | -34.93001 |     0 |     0 | 0.00000 | 0.00000 |     0 |  -0.00000 |     0 |     0 | 1.00000 |
|17.82013 | 26.44535 | -34.93001 |     1 |     1 | 0.00000 | 0.99991 |     1 |  0.00132 |     1 |     1 | 1.00000 |
|17.82146 | 26.44667 | -34.92868 |     1 |     0 | 0.00000 | 0.00042 |     0 |  -0.00632 |     1 |     0 | 1.00000 |
|17.81514 | 26.44667 | -34.93501 |     0 |     1 | 0.00000 | 0.00000 |     0 |  -0.00000 |     0 |     1 | 1.00000 |
|17.81514 | 26.44667 | -34.93501 |     0 |     0 | 0.00000 | 0.00000 |     0 |  -0.00000 |     0 |     0 | 1.00000 |
|17.81514 | 26.44667 | -34.93501 |     1 |     1 | 0.00000 | 0.99991 |     1 |  0.00133 |     1 |     1 | 1.00000 |
|17.81647 | 26.44801 | -34.93367 |     1 |     0 | 0.00000 | 0.00041 |     0 |  -0.00620 |     1 |     0 | 1.00000 |
|17.81027 | 26.44801 | -34.93987 |     0 |     1 | 0.00000 | 0.00000 |     0 |  -0.00000 |     0 |     1 | 1.00000 |
|17.81027 | 26.44801 | -34.93987 |     0 |     0 | 0.00000 | 0.00000 |     0 |  -0.00000 |     0 |     0 | 1.00000 |
|17.81027 | 26.44801 | -34.93987 |     1 |     1 | 0.00000 | 0.99991 |     1 |  0.00135 |     1 |     1 | 1.00000 |
|17.81161 | 26.44935 | -34.93853 |     1 |     0 | 0.00000 | 0.00041 |     0 |  -0.00609 |     1 |     0 | 1.00000 |
|17.80552 | 26.44935 | -34.94462 |     0 |     1 | 0.00000 | 0.00000 |     0 |  -0.00000 |     0 |     1 | 1.00000 |
|17.80552 | 26.44935 | -34.94462 |     0 |     0 | 0.00000 | 0.00000 |     0 |  -0.00000 |     0 |     0 | 1.00000 |
|17.80552 | 26.44935 | -34.94462 |     1 |     1 | 0.00000 | 0.99991 |     1 |  0.00136 |     1 |     1 | 1.00000 |
|17.80688 | 26.45071 | -34.94326 |     1 |     0 | 0.00000 | 0.00040 |     0 |  -0.00599 |     1 |     0 | 1.00000 |
|17.80090 | 26.45071 | -34.94925 |     0 |     1 | 0.00000 | 0.00000 |     0 |  -0.00000 |     0 |     1 | 1.00000 |
|17.80090 | 26.45071 | -34.94925 |     0 |     0 | 0.00000 | 0.00000 |     0 |  -0.00000 |     0 |     0 | 1.00000 |
|17.80090 | 26.45071 | -34.94925 |     1 |     1 | 0.00000 | 0.99991 |     1 |  0.00137 |     1 |     1 | 1.00000 |
|17.80226 | 26.45207 | -34.94788 |     1 |     0 | 0.00000 | 0.00039 |     0 |  -0.00588 |     1 |     0 | 1.00000 |
|17.79638 | 26.45207 | -34.95376 |     0 |     1 | 0.00000 | 0.00000 |     0 |  -0.00000 |     0 |     1 | 1.00000 |
|17.79638 | 26.45207 | -34.95376 |     0 |     0 | 0.00000 | 0.00000 |     0 |  -0.00000 |     0 |     0 | 1.00000 |
|17.79638 | 26.45207 | -34.95376 |     1 |     1 | 0.00000 | 0.99991 |     1 |  0.00138 |     1 |     1 | 1.00000 |
|17.79776 | 26.45345 | -34.95238 |     1 |     0 | 0.00000 | 0.00039 |     0 |  -0.00579 |     1 |     0 | 1.00000 |
|17.79197 | 26.45345 | -34.95817 |     0 |     1 | 0.00000 | 0.00000 |     0 |  -0.00000 |     0 |     1 | 1.00000 |
|17.79197 | 26.45345 | -34.95817 |     0 |     0 | 0.00000 | 0.00000 |     0 |  -0.00000 |     0 |     0 | 1.00000 |
|17.79197 | 26.45345 | -34.95817 |     1 |     1 | 0.00000 | 0.99991 |     1 |  0.00139 |     1 |     1 | 1.00000 |
|17.79336 | 26.45484 | -34.95678 |     1 |     0 | 0.00000 | 0.00038 |     0 |  -0.00569 |     1 |     0 | 1.00000 |
|17.78767 | 26.45484 | -34.96247 |     0 |     1 | 0.00000 | 0.00000 |     0 |  -0.00000 |     0 |     1 | 1.00000 |
|17.78767 | 26.45484 | -34.96247 |     0 |     0 | 0.00000 | 0.00000 |     0 |  -0.00000 |     0 |     0 | 1.00000 |
|17.78767 | 26.45484 | -34.96247 |     1 |     1 | 0.00000 | 0.99991 |     1 |  0.00140 |     1 |     1 | 1.00000 |
|17.78907 | 26.45624 | -34.96107 |     1 |     0 | 0.00000 | 0.00037 |     0 |  -0.00560 |     1 |     0 | 1.00000 |
|17.78346 | 26.45624 | -34.96667 |     0 |     1 | 0.00000 | 0.00000 |     0 |  -0.00000 |     0 |     1 | 1.00000 |
|17.78346 | 26.45623 | -34.96667 |     0 |     0 | 0.00000 | 0.00000 |     0 |  -0.00000 |     0 |     0 | 1.00000 |
|17.78346 | 26.45623 | -34.96667 |     1 |     1 | 0.00000 | 0.99991 |     1 |  0.00141 |     1 |     1 | 1.00000 |
|17.78487 | 26.45764 | -34.96527 |     1 |     0 | 0.00000 | 0.00037 |     0 |  -0.00552 |     1 |     0 | 1.00000 |
|17.77935 | 26.45764 | -34.97079 |     0 |     1 | 0.00000 | 0.00000 |     0 |  -0.00000 |     0 |     1 | 1.00000 |
|17.77935 | 26.45764 | -34.97079 |     0 |     0 | 0.00000 | 0.00000 |     0 |  -0.00000 |     0 |     0 | 1.00000 |